2.320370000000000132e+01 4.074699999999999989e+00 2.018200000000000216e+00 9.634000000000000341e-01
3.092830000000000013e+01 2.995800000000000018e+00 9.999000000000000110e-01 5.114999999999999547e-01
2.464720000000000155e+01 3.082800000000000207e+00 2.735599999999999810e+00 5.725999999999999979e-01
3.125829999999999842e+01 3.033900000000000041e+00 9.456999999999999851e-01 5.775000000000000133e-01
1.813289999999999935e+01 3.107400000000000162e+00 3.808100000000000041e+00 6.017000000000000126e-01
2.181099999999999994e+01 3.256299999999999972e+00 3.506600000000000161e+00 8.414000000000000368e-01
2.286589999999999989e+01 3.219500000000000028e+00 1.035300000000000109e+00 9.529999999999999583e-01
3.940820000000000078e+01 4.475100000000000300e+00 6.220999999999999863e-01 8.686000000000000387e-01
3.259029999999999916e+01 3.986099999999999977e+00 2.788100000000000023e+00 9.457999999999999741e-01
3.192480000000000118e+01 3.946099999999999941e+00 9.413000000000000256e-01 9.641999999999999460e-01
