1.986319999999999908e+01 4.565800000000000303e+00 3.973199999999999843e+00 9.459999999999999520e-01
2.359880000000000067e+01 4.407300000000000217e+00 2.425800000000000178e+00 9.386999999999999789e-01
3.095690000000000097e+01 4.628199999999999648e+00 3.287500000000000089e+00 6.519000000000000350e-01
2.144800000000000040e+01 4.750200000000000422e+00 3.629100000000000215e+00 6.580000000000000293e-01
1.293549999999999933e+01 4.974800000000000111e+00 2.022699999999999942e+00 8.772999999999999687e-01
2.261210000000000164e+01 4.308099999999999596e+00 3.045599999999999863e+00 8.914999999999999591e-01
1.179330000000000034e+01 4.460399999999999920e+00 3.240499999999999936e+00 9.125999999999999668e-01
8.442899999999999849e+00 4.837299999999999933e+00 3.015200000000000102e+00 9.582000000000000517e-01
7.878800000000000026e+00 4.960600000000000342e+00 2.786300000000000221e+00 7.737000000000000544e-01
1.259510000000000041e+01 4.729700000000000237e+00 3.072700000000000209e+00 8.100000000000000533e-01
