3.380839999999999890e+01 4.354800000000000004e+00 2.386499999999999844e+00 7.584999999999999520e-01
7.696100000000000385e+00 4.618000000000000327e+00 2.134199999999999875e+00 8.874999999999999556e-01
1.382029999999999959e+01 4.702399999999999913e+00 2.199300000000000033e+00 8.461999999999999522e-01
3.262310000000000088e+01 4.756700000000000372e+00 2.166100000000000136e+00 9.497999999999999776e-01
3.572890000000000299e+01 4.296999999999999709e+00 3.263199999999999878e+00 7.168999999999999817e-01
1.647090000000000032e+01 4.410000000000000142e+00 3.842900000000000205e+00 7.800000000000000266e-01
7.373400000000000176e+00 4.374699999999999811e+00 2.877499999999999947e+00 8.269999999999999574e-01
3.424599999999999866e+00 4.882500000000000284e+00 2.477500000000000036e+00 9.231000000000000316e-01
1.454209999999999958e+01 4.434599999999999653e+00 2.910299999999999887e+00 8.528999999999999915e-01
1.702009999999999934e+01 4.629299999999999748e+00 2.920799999999999841e+00 8.975999999999999535e-01
