2.360799999999999788e+00 4.957499999999999574e+00 1.967799999999999994e+00 8.172000000000000375e-01
1.673440000000000083e+01 3.860300000000000065e+00 3.562600000000000211e+00 9.449999999999999512e-01
2.873000000000000043e+01 4.885699999999999932e+00 2.229999999999999982e+00 8.969000000000000306e-01
3.774629999999999797e+01 3.832399999999999807e+00 3.577300000000000146e+00 9.969999999999999973e-01
3.032049999999999912e+01 4.560399999999999565e+00 3.405400000000000205e+00 7.950000000000000400e-01
3.744120000000000203e+01 4.290199999999999569e+00 3.172000000000000153e+00 9.846000000000000307e-01
9.754200000000000870e+00 4.838300000000000267e+00 2.338400000000000034e+00 8.350999999999999535e-01
2.026190000000000069e+01 4.404099999999999682e+00 3.680099999999999927e+00 9.690999999999999615e-01
1.336320000000000086e+01 4.519899999999999807e+00 3.451999999999999957e+00 8.791999999999999815e-01
3.814650000000000318e+01 4.670899999999999608e+00 3.907799999999999940e+00 8.135999999999999899e-01
