3.355400000000000205e+01 1.682500000000000107e+00 1.236099999999999977e+00 6.526999999999999469e-01
4.319600000000000328e+00 2.040799999999999947e+00 1.159100000000000019e+00 8.800000000000000044e-01
1.577340000000000053e+01 5.770999999999999464e-01 2.854299999999999837e+00 3.462000000000000077e-01
3.406009999999999849e+01 1.484900000000000109e+00 3.220200000000000173e+00 1.053000000000000047e-01
1.282029999999999959e+01 1.844000000000000083e+00 3.397400000000000198e+00 5.725000000000000089e-01
2.504279999999999973e+01 1.644500000000000073e+00 2.014899999999999913e+00 7.198999999999999844e-01
1.214059999999999917e+01 3.945199999999999818e+00 3.817000000000000171e+00 4.941999999999999726e-01
6.764100000000000001e+00 3.969300000000000050e+00 2.578500000000000014e+00 2.762000000000000011e-01
2.384029999999999916e+01 2.967299999999999827e+00 2.121599999999999930e+00 8.141000000000000458e-01
1.724210000000000065e+01 1.622000000000000108e+00 3.245499999999999829e+00 1.705000000000000127e-01
