1.016199999999999992e+00 2.347100000000000186e+00 2.009300000000000086e+00 1.439999999999999891e-01
3.867969999999999686e+01 2.401299999999999990e+00 3.526299999999999990e+00 2.217999999999999972e-01
2.411850000000000094e+01 2.370699999999999807e+00 1.792599999999999971e+00 1.472999999999999865e-01
1.617330000000000112e+01 2.435999999999999943e+00 3.957300000000000040e+00 1.378999999999999948e-01
5.205300000000000260e+00 4.017900000000000027e+00 8.400999999999999579e-01 9.324000000000000066e-01
3.540189999999999770e+01 3.667100000000000026e+00 3.178399999999999892e+00 1.073999999999999955e-01
3.381779999999999831e+01 4.852100000000000080e+00 3.423999999999999932e+00 9.445000000000000062e-01
3.000690000000000168e+01 3.167199999999999793e+00 1.130700000000000038e+00 7.171999999999999487e-01
2.082509999999999906e+01 3.223100000000000076e+00 3.795700000000000074e+00 9.514000000000000234e-01
9.768399999999999750e+00 3.971099999999999852e+00 1.391199999999999992e+00 9.274999999999999911e-01
